M1_Troop_Cnt,Loss_1,Loss_2,Skill_Loss,Turn_Rage,Tot_Rage,M2_Troop_Cnt,Loss_1,Loss_2,Skill_Loss,Turn_Rage,Tot_Rage
100000,614,614,0,102,102,100000,619,619,0,122,122
98772,609,609,0,102,204,98762,614,614,0,122,244
97554,604,604,0,102,306,97534,609,609,0,122,366
96346,599,599,0,102,408,96316,605,605,0,122,488
95148,595,595,0,102,510,95106,600,600,0,122,610
93958,590,590,0,102,612,93906,595,595,0,122,732
92778,585,585,0,102,714,92716,591,591,0,122,854
91608,581,581,0,102,816,91534,586,586,0,122,976
90446,576,576,202,102,918,90362,581,581,0,122,20
89092,571,571,0,102,0,89200,576,576,173,122,142
87950,566,566,0,102,102,87875,571,571,0,122,264
86818,562,562,0,102,204,86733,567,567,0,122,386
85694,557,557,0,102,306,85599,562,562,0,122,508
84580,553,553,0,102,408,84475,558,558,0,122,630
83474,548,548,0,102,510,83359,553,553,0,122,752
82378,544,544,0,102,612,82253,549,549,0,122,874
81290,539,539,0,102,714,81155,544,544,0,122,996
80212,535,535,188,102,816,80067,540,540,0,122,20
78954,531,531,0,102,918,78987,535,535,0,122,142
77892,526,526,0,102,0,77917,531,531,160,122,264
76840,521,521,0,102,102,76695,526,526,0,122,386
75798,517,517,0,102,204,75643,522,522,0,122,508
74764,513,513,0,102,306,74599,518,518,0,122,630
73738,508,508,0,102,408,73563,513,513,0,122,752
72722,504,504,0,102,510,72537,509,509,0,122,874
71714,500,500,0,102,612,71519,505,505,0,122,996
70714,496,496,174,102,714,70509,501,501,0,122,20
69548,491,491,0,102,816,69507,496,496,0,122,142
68566,487,487,0,102,918,68515,492,492,0,122,264
67592,483,483,0,102,0,67531,487,487,147,122,386
66626,478,478,0,102,102,66410,483,483,0,122,508
65670,474,474,0,102,204,65444,479,479,0,122,630
64722,470,470,0,102,306,64486,475,475,0,122,752
63782,466,466,0,102,408,63536,471,471,0,122,874
62850,462,462,0,102,510,62594,467,467,0,122,996
61926,458,458,161,102,612,61660,463,463,0,122,20
60849,454,454,0,102,714,60734,458,458,0,122,142
59941,450,450,0,102,816,59818,454,454,0,122,264
59041,446,446,0,102,918,58910,450,450,0,122,386
58149,442,442,0,102,0,58010,446,446,134,122,508
57265,437,437,0,102,102,56984,442,442,0,122,630
56391,433,433,0,102,204,56100,438,438,0,122,752
55525,430,430,0,102,306,55224,435,435,0,122,874
54665,426,426,0,102,408,54354,431,431,0,122,996
53813,422,422,148,102,510,53492,427,427,0,122,20
52821,418,418,0,102,612,52638,422,422,0,122,142
51985,414,414,0,102,714,51794,418,418,0,122,264
51157,410,410,0,102,816,50958,415,415,0,122,386
50337,406,406,0,102,918,50128,411,411,0,122,508
49525,403,403,0,102,0,49306,407,407,123,122,630
48719,398,398,0,102,102,48369,403,403,0,122,752
47923,394,394,0,102,204,47563,400,400,0,122,874
47135,391,391,0,102,306,46763,396,396,0,122,996
46353,387,387,136,102,408,45971,392,392,0,122,20
45443,383,383,0,102,510,45187,388,388,0,122,142
44677,379,379,0,102,612,44411,384,384,0,122,264
43919,376,376,0,102,714,43643,380,380,0,122,386
43167,372,372,0,102,816,42883,377,377,0,122,508
42423,368,368,0,102,918,42129,373,373,0,122,630
41687,365,365,0,102,0,41383,369,369,111,122,752
40957,361,361,0,102,102,40534,366,366,0,122,874
40235,357,357,0,102,204,39802,362,362,0,122,996
39521,353,353,124,102,306,39078,359,359,0,122,20
38691,350,350,0,102,408,38360,354,354,0,122,142
37991,346,346,0,102,510,37652,351,351,0,122,264
37299,343,343,0,102,612,36950,347,347,0,122,386
36613,339,339,0,102,714,36256,344,344,0,122,508
35935,335,335,0,102,816,35568,340,340,0,122,630
35265,332,332,0,102,918,34888,337,337,0,122,752
34601,328,328,0,102,0,34214,333,333,100,122,874
33945,324,324,0,102,102,33448,330,330,0,122,996
33297,321,321,113,102,204,32788,326,326,0,122,20
32542,317,317,0,102,306,32136,322,322,0,122,142
31908,314,314,0,102,408,31492,319,319,0,122,264
31280,310,310,0,102,510,30854,315,315,0,122,386
30660,307,307,0,102,612,30224,312,312,0,122,508
30046,303,303,0,102,714,29600,309,309,0,122,630
29440,300,300,0,102,816,28982,305,305,0,122,752
28840,297,297,0,102,918,28372,302,302,0,122,874
28246,293,293,0,102,0,27768,298,298,90,122,996
27660,289,289,102,102,102,27082,295,295,0,122,20
26980,286,286,0,102,204,26492,291,291,0,122,142
26408,282,282,0,102,306,25910,288,288,0,122,264
25844,279,279,0,102,408,25334,284,284,0,122,386
25286,276,276,0,102,510,24766,281,281,0,122,508
24734,272,272,0,102,612,24204,278,278,0,122,630
24190,269,269,0,102,714,23648,275,275,0,122,752
23652,266,266,0,102,816,23098,271,271,0,122,874
23120,262,262,0,102,918,22556,268,268,0,122,996
22596,259,259,91,102,0,22020,265,265,80,122,20
21987,255,255,0,102,102,21410,261,261,0,122,142
21477,252,252,0,102,204,20888,258,258,0,122,264
20973,249,249,0,102,306,20372,255,255,0,122,386
20475,245,245,0,102,408,19862,251,251,0,122,508
19985,242,242,0,102,510,19360,248,248,0,122,630
19501,239,239,0,102,612,18864,245,245,0,122,752
19023,235,235,0,102,714,18374,242,242,0,122,874
18553,232,232,0,102,816,17890,239,239,0,122,996
18089,229,229,81,102,918,17412,235,235,0,122,20
17550,226,226,0,102,0,16942,232,232,70,122,142
17098,222,222,0,102,102,16408,229,229,0,122,264
16654,219,219,0,102,204,15950,225,225,0,122,386
16216,215,215,0,102,306,15500,222,222,0,122,508
15786,212,212,0,102,408,15056,219,219,0,122,630
15362,209,209,0,102,510,14618,216,216,0,122,752
14944,206,206,0,102,612,14186,213,213,0,122,874
14532,202,202,0,102,714,13760,210,210,0,122,996
14128,199,199,70,102,816,13340,207,207,0,122,20
13660,196,196,0,102,918,12926,203,203,0,122,142
13268,193,193,0,102,0,12520,200,200,60,122,264
12882,189,189,0,102,102,12060,197,197,0,122,386
12504,186,186,0,102,204,11666,194,194,0,122,508
12132,183,183,0,102,306,11278,191,191,0,122,630
11766,179,179,0,102,408,10896,188,188,0,122,752
11408,176,176,0,102,510,10520,185,185,0,122,874
11056,173,173,0,102,612,10150,182,182,0,122,996
10710,170,170,60,102,714,9786,179,179,0,122,20
10310,167,167,0,102,816,9428,176,176,0,122,142
9976,163,163,0,102,918,9076,173,173,0,122,264
9650,160,160,0,102,0,8730,170,170,51,122,386
9330,156,156,0,102,102,8339,167,167,0,122,508
9018,153,153,0,102,204,8005,164,164,0,122,630
8712,150,150,0,102,306,7677,161,161,0,122,752
8412,147,147,0,102,408,7355,158,158,0,122,874
8118,143,143,0,102,510,7039,156,156,0,122,996
7832,140,140,49,102,612,6727,153,153,0,122,20
7503,137,137,0,102,714,6421,149,149,0,122,142
7229,134,134,0,102,816,6123,147,147,0,122,264
6961,130,130,0,102,918,5829,144,144,0,122,386
6701,127,127,0,102,0,5541,141,141,43,122,508
6447,123,123,0,102,102,5216,138,138,0,122,630
6201,120,120,0,102,204,4940,136,136,0,122,752
5961,117,117,0,102,306,4668,133,133,0,122,874
5727,113,113,0,102,408,4402,130,130,0,122,996
5501,110,110,39,102,510,4142,128,128,0,122,20
5242,106,106,0,102,612,3886,125,125,0,122,142
5030,103,103,0,102,714,3636,122,122,0,122,264
4824,99,99,0,102,816,3392,119,119,0,122,386
4626,96,96,0,102,918,3154,117,117,0,122,508
4434,92,92,0,102,0,2920,114,114,35,122,630
4250,88,88,0,102,102,2657,112,112,0,122,752
4074,84,84,0,102,204,2433,110,110,0,122,874
3906,80,80,0,102,306,2213,107,107,0,122,996
3746,76,76,27,102,408,1999,105,105,0,122,20
3567,72,72,0,102,510,1789,103,103,0,122,142
3423,68,68,0,102,612,1583,101,101,0,122,264
3287,63,63,0,102,714,1381,98,98,0,122,386
3161,59,59,0,102,816,1185,97,97,0,122,508
3043,54,54,0,102,918,991,95,95,0,122,630
2935,48,48,0,102,0,801,93,93,28,122,752
2839,41,41,0,102,102,587,91,91,0,122,874
2757,34,34,0,102,204,405,90,90,0,122,996
2689,26,26,10,102,306,225,89,89,0,122,20
2627,12,12,0,102,408,47,88,88,0,122,142
