M1_Troop_Cnt,Loss_1,Loss_2,Skill_Loss,Turn_Rage,Tot_Rage,M2_Troop_Cnt,Loss_1,Loss_2,Skill_Loss,Turn_Rage,Tot_Rage
100000,620,620,0,102,102,100000,625,625,0,122,122
98760,614,614,0,102,204,98750,619,619,0,122,244
97532,609,609,0,102,306,97512,613,613,0,122,366
96314,603,603,0,102,408,96286,608,608,0,122,488
95108,598,598,0,102,510,95070,602,602,0,122,610
93912,592,592,0,102,612,93866,597,597,0,122,732
92728,587,587,0,102,714,92672,591,591,0,122,854
91554,581,581,0,102,816,91490,586,586,0,122,976
90392,576,576,173,102,918,90318,580,580,0,122,20
89067,570,570,0,102,0,89158,574,574,173,122,142
87927,564,564,0,102,102,87837,569,569,0,122,264
86799,559,559,0,102,204,86699,563,563,0,122,386
85681,553,553,0,102,306,85573,558,558,0,122,508
84575,548,548,0,102,408,84457,553,553,0,122,630
83479,543,543,0,102,510,83351,548,548,0,122,752
82393,537,537,0,102,612,82255,542,542,0,122,874
81319,532,532,0,102,714,81171,537,537,0,122,996
80255,527,527,159,102,816,80097,532,532,0,122,20
79042,522,522,0,102,918,79033,526,526,0,122,142
77998,517,517,0,102,0,77981,521,521,157,122,264
76964,511,511,0,102,102,76782,516,516,0,122,386
75942,506,506,0,102,204,75750,511,511,0,122,508
74930,501,501,0,102,306,74728,506,506,0,122,630
73928,496,496,0,102,408,73716,501,501,0,122,752
72936,491,491,0,102,510,72714,496,496,0,122,874
71954,486,486,0,102,612,71722,491,491,0,122,996
70982,481,481,145,102,714,70740,486,486,0,122,20
69875,476,476,0,102,816,69768,480,480,0,122,142
68923,471,471,0,102,918,68808,476,476,0,122,264
67981,466,466,0,102,0,67856,471,471,142,122,386
67049,461,461,0,102,102,66772,466,466,0,122,508
66127,456,456,0,102,204,65840,461,461,0,122,630
65215,451,451,0,102,306,64918,456,456,0,122,752
64313,447,447,0,102,408,64006,452,452,0,122,874
63419,442,442,0,102,510,63102,447,447,0,122,996
62535,437,437,132,102,612,62208,442,442,0,122,20
61529,433,433,0,102,714,61324,437,437,0,122,142
60663,428,428,0,102,816,60450,433,433,0,122,264
59807,423,423,0,102,918,59584,428,428,0,122,386
58961,419,419,0,102,0,58728,423,423,127,122,508
58123,414,414,0,102,102,57755,419,419,0,122,630
57295,409,409,0,102,204,56917,415,415,0,122,752
56477,405,405,0,102,306,56087,410,410,0,122,874
55667,400,400,0,102,408,55267,406,406,0,122,996
54867,396,396,119,102,510,54455,401,401,0,122,20
53956,391,391,0,102,612,53653,396,396,0,122,142
53174,387,387,0,102,714,52861,392,392,0,122,264
52400,383,383,0,102,816,52077,388,388,0,122,386
51634,378,378,0,102,918,51301,383,383,0,122,508
50878,374,374,0,102,0,50535,379,379,114,122,630
50130,369,369,0,102,102,49663,375,375,0,122,752
49392,365,365,0,102,204,48913,371,371,0,122,874
48662,361,361,0,102,306,48171,367,367,0,122,996
47940,356,356,107,102,408,47437,362,362,0,122,20
47121,352,352,0,102,510,46713,358,358,0,122,142
46417,348,348,0,102,612,45997,354,354,0,122,264
45721,344,344,0,102,714,45289,350,350,0,122,386
45033,340,340,0,102,816,44589,346,346,0,122,508
44353,336,336,0,102,918,43897,342,342,0,122,630
43681,332,332,0,102,0,43213,338,338,102,122,752
43017,327,327,0,102,102,42435,334,334,0,122,874
42363,323,323,0,102,204,41767,330,330,0,122,996
41717,319,319,96,102,306,41107,326,326,0,122,20
40983,315,315,0,102,408,40455,321,321,0,122,142
40353,311,311,0,102,510,39813,318,318,0,122,264
39731,308,308,0,102,612,39177,314,314,0,122,386
39115,304,304,0,102,714,38549,310,310,0,122,508
38507,300,300,0,102,816,37929,306,306,0,122,630
37907,296,296,0,102,918,37317,302,302,0,122,752
37315,292,292,0,102,0,36713,299,299,90,122,874
36731,288,288,0,102,102,36025,295,295,0,122,996
36155,284,284,86,102,204,35435,291,291,0,122,20
35501,281,281,0,102,306,34853,287,287,0,122,142
34939,277,277,0,102,408,34279,284,284,0,122,264
34385,273,273,0,102,510,33711,280,280,0,122,386
33839,270,270,0,102,612,33151,277,277,0,122,508
33299,266,266,0,102,714,32597,273,273,0,122,630
32767,262,262,0,102,816,32051,270,270,0,122,752
32243,259,259,0,102,918,31511,266,266,0,122,874
31725,255,255,0,102,0,30979,263,263,79,122,996
31215,251,251,76,102,102,30374,259,259,0,122,20
30637,248,248,0,102,204,29856,256,256,0,122,142
30141,244,244,0,102,306,29344,252,252,0,122,264
29653,241,241,0,102,408,28840,249,249,0,122,386
29171,237,237,0,102,510,28342,246,246,0,122,508
28697,234,234,0,102,612,27850,242,242,0,122,630
28229,231,231,0,102,714,27366,239,239,0,122,752
27767,227,227,0,102,816,26888,236,236,0,122,874
27313,224,224,0,102,918,26416,233,233,0,122,996
26865,221,221,67,102,0,25950,230,230,69,122,20
26356,217,217,0,102,102,25421,226,226,0,122,142
25922,214,214,0,102,204,24969,223,223,0,122,264
25494,211,211,0,102,306,24523,220,220,0,122,386
25072,207,207,0,102,408,24083,217,217,0,122,508
24658,204,204,0,102,510,23649,214,214,0,122,630
24250,201,201,0,102,612,23221,211,211,0,122,752
23848,198,198,0,102,714,22799,208,208,0,122,874
23452,195,195,0,102,816,22383,205,205,0,122,996
23062,192,192,58,102,918,21973,202,202,0,122,20
22620,189,189,0,102,0,21569,199,199,60,122,142
22242,185,185,0,102,102,21111,196,196,0,122,264
21872,182,182,0,102,204,20719,193,193,0,122,386
21508,179,179,0,102,306,20333,190,190,0,122,508
21150,176,176,0,102,408,19953,188,188,0,122,630
20798,173,173,0,102,510,19577,185,185,0,122,752
20452,170,170,0,102,612,19207,182,182,0,122,874
20112,167,167,0,102,714,18843,179,179,0,122,996
19778,165,165,50,102,816,18485,177,177,0,122,20
19398,162,162,0,102,918,18131,174,174,0,122,142
19074,159,159,0,102,0,17783,171,171,52,122,264
18756,156,156,0,102,102,17389,169,169,0,122,386
18444,153,153,0,102,204,17051,166,166,0,122,508
18138,150,150,0,102,306,16719,164,164,0,122,630
17838,147,147,0,102,408,16391,161,161,0,122,752
17544,145,145,0,102,510,16069,159,159,0,122,874
17254,142,142,0,102,612,15751,156,156,0,122,996
16970,139,139,42,102,714,15439,154,154,0,122,20
16650,136,136,0,102,816,15131,151,151,0,122,142
16378,134,134,0,102,918,14829,149,149,0,122,264
16110,131,131,0,102,0,14531,147,147,45,122,386
15848,128,128,0,102,102,14192,144,144,0,122,508
15592,126,126,0,102,204,13904,142,142,0,122,630
15340,123,123,0,102,306,13620,140,140,0,122,752
15094,120,120,0,102,408,13340,138,138,0,122,874
14854,118,118,0,102,510,13064,136,136,0,122,996
14618,115,115,35,102,612,12792,134,134,0,122,20
14353,113,113,0,102,714,12524,131,131,0,122,142
14127,110,110,0,102,816,12262,129,129,0,122,264
13907,108,108,0,102,918,12004,127,127,0,122,386
13691,106,106,0,102,0,11750,125,125,38,122,508
13479,103,103,0,102,102,11462,123,123,0,122,630
13273,100,100,0,102,204,11216,122,122,0,122,752
13073,98,98,0,102,306,10972,120,120,0,122,874
12877,96,96,0,102,408,10732,118,118,0,122,996
12685,93,93,28,102,510,10496,116,116,0,122,20
12471,91,91,0,102,612,10264,114,114,0,122,142
12289,88,88,0,102,714,10036,112,112,0,122,264
12113,86,86,0,102,816,9812,111,111,0,122,386
11941,84,84,0,102,918,9590,109,109,0,122,508
11773,82,82,0,102,0,9372,107,107,33,122,630
11609,79,79,0,102,102,9125,106,106,0,122,752
11451,77,77,0,102,204,8913,104,104,0,122,874
11297,74,74,0,102,306,8705,103,103,0,122,996
11149,72,72,22,102,408,8499,101,101,0,122,20
10983,70,70,0,102,510,8297,100,100,0,122,142
10843,68,68,0,102,612,8097,98,98,0,122,264
10707,65,65,0,102,714,7901,97,97,0,122,386
10577,63,63,0,102,816,7707,95,95,0,122,508
10451,61,61,0,102,918,7517,94,94,0,122,630
10329,59,59,0,102,0,7329,93,93,28,122,752
10211,56,56,0,102,102,7115,92,92,0,122,874
10099,54,54,0,102,204,6931,91,91,0,122,996
9991,52,52,16,102,306,6749,89,89,0,122,20
9871,50,50,0,102,408,6571,88,88,0,122,142
9771,48,48,0,102,510,6395,87,87,0,122,264
9675,45,45,0,102,612,6221,86,86,0,122,386
9585,43,43,0,102,714,6049,85,85,0,122,508
9499,41,41,0,102,816,5879,84,84,0,122,630
9417,39,39,0,102,918,5711,83,83,0,122,752
9339,37,37,0,102,0,5545,83,83,25,122,874
9265,34,34,0,102,102,5354,82,82,0,122,996
9197,32,32,10,102,204,5190,81,81,0,122,20
9123,30,30,0,102,306,5028,80,80,0,122,142
9063,28,28,0,102,408,4868,80,80,0,122,264
9007,25,25,0,102,510,4708,79,79,0,122,386
8957,23,23,0,102,612,4550,79,79,0,122,508
8911,21,21,0,102,714,4392,78,78,0,122,630
8869,19,19,0,102,816,4236,78,78,0,122,752
8831,16,16,0,102,918,4080,77,77,0,122,874
8799,14,14,0,102,0,3926,77,77,24,122,996
8771,11,11,4,102,102,3748,76,76,0,122,20
8745,9,9,0,102,204,3596,76,76,0,122,142
8727,6,6,0,102,306,3444,76,76,0,122,264
8715,4,4,0,102,408,3292,76,76,0,122,386
8707,1,1,0,102,510,3140,76,76,0,122,508
8705,-1,-1,0,102,612,2988,76,76,0,122,630
8707,-4,-4,0,102,714,2836,76,76,0,122,752
8715,-7,-7,0,102,816,2684,76,76,0,122,874
8729,-10,-10,0,102,918,2532,76,76,0,122,996
8749,-12,-12,-3,102,0,2380,76,76,23,122,20
8776,-16,-16,0,102,102,2205,77,77,0,122,142
8808,-19,-19,0,102,204,2051,77,77,0,122,264
8846,-22,-22,0,102,306,1897,77,77,0,122,386
8890,-25,-25,0,102,408,1743,78,78,0,122,508
8940,-29,-29,0,102,510,1587,78,78,0,122,630
8998,-33,-33,0,102,612,1431,79,79,0,122,752
9064,-37,-37,0,102,714,1273,80,80,0,122,874
9138,-41,-41,0,102,816,1113,80,80,0,122,996
9220,-45,-45,-13,102,918,953,81,81,0,122,20
9323,-50,-50,0,102,0,791,82,82,25,122,142
9423,-57,-57,0,102,102,602,84,84,0,122,264
9537,-63,-63,0,102,204,434,85,85,0,122,386
9663,-71,-71,0,102,306,264,86,86,0,122,508
9805,-83,-83,0,102,408,92,88,88,0,122,630
