M1_Troop_Cnt,Loss_1,Loss_2,Skill_Loss,Turn_Rage,Tot_Rage,M2_Troop_Cnt,Loss_1,Loss_2,Skill_Loss,Turn_Rage,Tot_Rage
100000,619,619,0,102,102,100000,624,624,0,122,122
98762,615,615,0,102,204,98752,620,620,0,122,244
97532,611,611,0,102,306,97512,617,617,0,122,366
96310,607,607,0,102,408,96278,613,613,0,122,488
95096,604,604,0,102,510,95052,609,609,0,122,610
93888,600,600,0,102,612,93834,605,605,0,122,732
92688,596,596,0,102,714,92624,601,601,0,122,854
91496,592,592,0,102,816,91422,597,597,0,122,976
90312,588,588,206,102,918,90228,593,593,0,122,20
88930,584,584,0,102,0,89042,589,589,177,122,142
87762,580,580,0,102,102,87687,585,585,0,122,264
86602,576,576,0,102,204,86517,581,581,0,122,386
85450,572,572,0,102,306,85355,577,577,0,122,508
84306,568,568,0,102,408,84201,573,573,0,122,630
83170,564,564,0,102,510,83055,569,569,0,122,752
82042,560,560,0,102,612,81917,566,566,0,122,874
80922,556,556,0,102,714,80785,562,562,0,122,996
79810,553,553,194,102,816,79661,558,558,0,122,20
78510,549,549,0,102,918,78545,553,553,0,122,142
77412,545,545,0,102,0,77439,549,549,165,122,264
76322,540,540,0,102,102,76176,545,545,0,122,386
75242,536,536,0,102,204,75086,542,542,0,122,508
74170,533,533,0,102,306,74002,538,538,0,122,630
73104,529,529,0,102,408,72926,534,534,0,122,752
72046,525,525,0,102,510,71858,530,530,0,122,874
70996,521,521,0,102,612,70798,526,526,0,122,996
69954,517,517,181,102,714,69746,522,522,0,122,20
68739,513,513,0,102,816,68702,518,518,0,122,142
67713,509,509,0,102,918,67666,514,514,0,122,264
66695,505,505,0,102,0,66638,510,510,153,122,386
65685,501,501,0,102,102,65465,506,506,0,122,508
64683,497,497,0,102,204,64453,502,502,0,122,630
63689,493,493,0,102,306,63449,498,498,0,122,752
62703,489,489,0,102,408,62453,494,494,0,122,874
61725,485,485,0,102,510,61465,491,491,0,122,996
60755,482,482,169,102,612,60483,487,487,0,122,20
59622,478,478,0,102,714,59509,482,482,0,122,142
58666,474,474,0,102,816,58545,478,478,0,122,264
57718,470,470,0,102,918,57589,474,474,0,122,386
56778,466,466,0,102,0,56641,471,471,142,122,508
55846,462,462,0,102,102,55557,467,467,0,122,630
54922,458,458,0,102,204,54623,463,463,0,122,752
54006,454,454,0,102,306,53697,459,459,0,122,874
53098,450,450,0,102,408,52779,455,455,0,122,996
52198,446,446,157,102,510,51869,451,451,0,122,20
51149,442,442,0,102,612,50967,447,447,0,122,142
50265,438,438,0,102,714,50073,443,443,0,122,264
49389,434,434,0,102,816,49187,439,439,0,122,386
48521,430,430,0,102,918,48309,435,435,0,122,508
47661,427,427,0,102,0,47439,431,431,130,122,630
46807,422,422,0,102,102,46447,427,427,0,122,752
45963,418,418,0,102,204,45593,423,423,0,122,874
45127,414,414,0,102,306,44747,420,420,0,122,996
44299,410,410,144,102,408,43907,416,416,0,122,20
43335,406,406,0,102,510,43075,411,411,0,122,142
42523,403,403,0,102,612,42253,407,407,0,122,264
41717,399,399,0,102,714,41439,403,403,0,122,386
40919,395,395,0,102,816,40633,400,400,0,122,508
40129,391,391,0,102,918,39833,396,396,0,122,630
39347,387,387,0,102,0,39041,392,392,118,122,752
38573,382,382,0,102,102,38139,388,388,0,122,874
37809,379,379,0,102,204,37363,384,384,0,122,996
37051,375,375,132,102,306,36595,380,380,0,122,20
36169,371,371,0,102,408,35835,376,376,0,122,142
35427,367,367,0,102,510,35083,372,372,0,122,264
34693,363,363,0,102,612,34339,368,368,0,122,386
33967,359,359,0,102,714,33603,364,364,0,122,508
33249,355,355,0,102,816,32875,360,360,0,122,630
32539,351,351,0,102,918,32155,356,356,0,122,752
31837,347,347,0,102,0,31443,352,352,106,122,874
31143,343,343,0,102,102,30633,349,349,0,122,996
30457,339,339,119,102,204,29935,345,345,0,122,20
29660,335,335,0,102,306,29245,340,340,0,122,142
28990,331,331,0,102,408,28565,336,336,0,122,264
28328,327,327,0,102,510,27893,333,333,0,122,386
27674,323,323,0,102,612,27227,329,329,0,122,508
27028,319,319,0,102,714,26569,325,325,0,122,630
26390,315,315,0,102,816,25919,321,321,0,122,752
25760,311,311,0,102,918,25277,317,317,0,122,874
25138,308,308,0,102,0,24643,313,313,94,122,996
24522,303,303,107,102,102,23923,309,309,0,122,20
23809,299,299,0,102,204,23305,305,305,0,122,142
23211,295,295,0,102,306,22695,301,301,0,122,264
22621,291,291,0,102,408,22093,297,297,0,122,386
22039,287,287,0,102,510,21499,293,293,0,122,508
21465,283,283,0,102,612,20913,290,290,0,122,630
20899,279,279,0,102,714,20333,286,286,0,122,752
20341,275,275,0,102,816,19761,282,282,0,122,874
19791,271,271,0,102,918,19197,278,278,0,122,996
19249,268,268,94,102,0,18641,274,274,83,122,20
18619,263,263,0,102,102,18010,270,270,0,122,142
18093,259,259,0,102,204,17470,266,266,0,122,264
17575,255,255,0,102,306,16938,262,262,0,122,386
17065,251,251,0,102,408,16414,258,258,0,122,508
16563,247,247,0,102,510,15898,254,254,0,122,630
16069,243,243,0,102,612,15390,251,251,0,122,752
15583,239,239,0,102,714,14888,247,247,0,122,874
15105,235,235,0,102,816,14394,243,243,0,122,996
14635,231,231,81,102,918,13908,239,239,0,122,20
14092,227,227,0,102,0,13430,235,235,71,122,142
13638,223,223,0,102,102,12889,231,231,0,122,264
13192,219,219,0,102,204,12427,227,227,0,122,386
12754,215,215,0,102,306,11973,223,223,0,122,508
12324,210,210,0,102,408,11527,219,219,0,122,630
11904,206,206,0,102,510,11089,216,216,0,122,752
11492,202,202,0,102,612,10657,212,212,0,122,874
11088,198,198,0,102,714,10233,208,208,0,122,996
10692,194,194,68,102,816,9817,204,204,0,122,20
10236,190,190,0,102,918,9409,200,200,0,122,142
9856,186,186,0,102,0,9009,196,196,59,122,264
9484,181,181,0,102,102,8558,193,193,0,122,386
9122,177,177,0,102,204,8172,189,189,0,122,508
8768,173,173,0,102,306,7794,185,185,0,122,630
8422,169,169,0,102,408,7424,182,182,0,122,752
8084,165,165,0,102,510,7060,178,178,0,122,874
7754,161,161,0,102,612,6704,174,174,0,122,996
7432,156,156,55,102,714,6356,171,171,0,122,20
7065,152,152,0,102,816,6014,166,166,0,122,142
6761,148,148,0,102,918,5682,163,163,0,122,264
6465,144,144,0,102,0,5356,159,159,48,122,386
6177,139,139,0,102,102,4990,156,156,0,122,508
5899,134,134,0,102,204,4678,152,152,0,122,630
5631,130,130,0,102,306,4374,149,149,0,122,752
5371,125,125,0,102,408,4076,145,145,0,122,874
5121,121,121,0,102,510,3786,142,142,0,122,996
4879,116,116,41,102,612,3502,138,138,0,122,20
4606,112,112,0,102,714,3226,134,134,0,122,142
4382,107,107,0,102,816,2958,131,131,0,122,264
4168,102,102,0,102,918,2696,128,128,0,122,386
3964,97,97,0,102,0,2440,125,125,38,122,508
3770,91,91,0,102,102,2152,122,122,0,122,630
3588,86,86,0,102,204,1908,119,119,0,122,752
3416,80,80,0,102,306,1670,116,116,0,122,874
3256,75,75,0,102,408,1438,113,113,0,122,996
3106,69,69,25,102,510,1212,110,110,0,122,20
2943,62,62,0,102,612,992,108,108,0,122,142
2819,55,55,0,102,714,776,105,105,0,122,264
2709,47,47,0,102,816,566,103,103,0,122,386
2615,38,38,0,102,918,360,101,101,0,122,508
2539,25,25,0,102,0,158,100,100,30,122,630
