M1_Troop_Cnt,Loss_1,Loss_2,Skill_Loss,Turn_Rage,Tot_Rage,M2_Troop_Cnt,Loss_1,Loss_2,Skill_Loss,Turn_Rage,Tot_Rage
100000,587,587,0,102,102,100000,592,592,0,122,122
98826,584,584,0,102,204,98816,589,589,0,122,244
97658,580,580,0,102,306,97638,585,585,0,122,366
96498,577,577,0,102,408,96468,582,582,0,122,488
95344,573,573,0,102,510,95304,578,578,0,122,610
94198,570,570,0,102,612,94148,575,575,0,122,732
93058,566,566,0,102,714,92998,571,571,0,122,854
91926,563,563,0,102,816,91856,568,568,0,122,976
90800,559,559,196,102,918,90720,564,564,0,122,20
89486,556,556,0,102,0,89592,560,560,168,122,142
88374,552,552,0,102,102,88304,557,557,0,122,264
87270,548,548,0,102,204,87190,553,553,0,122,386
86174,545,545,0,102,306,86084,550,550,0,122,508
85084,541,541,0,102,408,84984,546,546,0,122,630
84002,538,538,0,102,510,83892,543,543,0,122,752
82926,534,534,0,102,612,82806,539,539,0,122,874
81858,531,531,0,102,714,81728,536,536,0,122,996
80796,527,527,185,102,816,80656,532,532,0,122,20
79557,524,524,0,102,918,79592,528,528,0,122,142
78509,520,520,0,102,0,78536,525,525,158,122,264
77469,516,516,0,102,102,77328,521,521,0,122,386
76437,513,513,0,102,204,76286,518,518,0,122,508
75411,509,509,0,102,306,75250,514,514,0,122,630
74393,506,506,0,102,408,74222,511,511,0,122,752
73381,502,502,0,102,510,73200,507,507,0,122,874
72377,499,499,0,102,612,72186,504,504,0,122,996
71379,495,495,174,102,714,71178,500,500,0,122,20
70215,492,492,0,102,816,70178,496,496,0,122,142
69231,488,488,0,102,918,69186,493,493,0,122,264
68255,485,485,0,102,0,68200,489,489,147,122,386
67285,481,481,0,102,102,67075,486,486,0,122,508
66323,477,477,0,102,204,66103,482,482,0,122,630
65369,474,474,0,102,306,65139,479,479,0,122,752
64421,470,470,0,102,408,64181,475,475,0,122,874
63481,467,467,0,102,510,63231,472,472,0,122,996
62547,463,463,163,102,612,62287,468,468,0,122,20
61458,460,460,0,102,714,61351,464,464,0,122,142
60538,456,456,0,102,816,60423,461,461,0,122,264
59626,453,453,0,102,918,59501,457,457,0,122,386
58720,449,449,0,102,0,58587,454,454,137,122,508
57822,445,445,0,102,102,57542,450,450,0,122,630
56932,442,442,0,102,204,56642,447,447,0,122,752
56048,438,438,0,102,306,55748,443,443,0,122,874
55172,435,435,0,102,408,54862,440,440,0,122,996
54302,431,431,151,102,510,53982,436,436,0,122,20
53289,428,428,0,102,612,53110,432,432,0,122,142
52433,424,424,0,102,714,52246,429,429,0,122,264
51585,421,421,0,102,816,51388,425,425,0,122,386
50743,417,417,0,102,918,50538,422,422,0,122,508
49909,414,414,0,102,0,49694,418,418,126,122,630
49081,410,410,0,102,102,48732,415,415,0,122,752
48261,406,406,0,102,204,47902,411,411,0,122,874
47449,403,403,0,102,306,47080,408,408,0,122,996
46643,399,399,140,102,408,46264,404,404,0,122,20
45705,396,396,0,102,510,45456,400,400,0,122,142
44913,392,392,0,102,612,44656,397,397,0,122,264
44129,389,389,0,102,714,43862,393,393,0,122,386
43351,385,385,0,102,816,43076,390,390,0,122,508
42581,382,382,0,102,918,42296,387,387,0,122,630
41817,378,378,0,102,0,41522,383,383,115,122,752
41061,374,374,0,102,102,40641,380,380,0,122,874
40313,371,371,0,102,204,39881,376,376,0,122,996
39571,367,367,129,102,306,39129,373,373,0,122,20
38708,364,364,0,102,408,38383,369,369,0,122,142
37980,360,360,0,102,510,37645,365,365,0,122,264
37260,357,357,0,102,612,36915,362,362,0,122,386
36546,353,353,0,102,714,36191,358,358,0,122,508
35840,350,350,0,102,816,35475,355,355,0,122,630
35140,346,346,0,102,918,34765,351,351,0,122,752
34448,343,343,0,102,0,34063,348,348,105,122,874
33762,339,339,0,102,102,33262,344,344,0,122,996
33084,335,335,118,102,204,32574,341,341,0,122,20
32296,332,332,0,102,306,31892,337,337,0,122,142
31632,328,328,0,102,408,31218,333,333,0,122,264
30976,325,325,0,102,510,30552,330,330,0,122,386
30326,321,321,0,102,612,29892,326,326,0,122,508
29684,318,318,0,102,714,29240,323,323,0,122,630
29048,314,314,0,102,816,28594,319,319,0,122,752
28420,311,311,0,102,918,27956,316,316,0,122,874
27798,307,307,0,102,0,27324,312,312,94,122,996
27184,303,303,107,102,102,26606,309,309,0,122,20
26471,299,299,0,102,204,25988,305,305,0,122,142
25873,296,296,0,102,306,25378,301,301,0,122,264
25281,292,292,0,102,408,24776,298,298,0,122,386
24697,289,289,0,102,510,24180,294,294,0,122,508
24119,285,285,0,102,612,23592,291,291,0,122,630
23549,282,282,0,102,714,23010,288,288,0,122,752
22985,278,278,0,102,816,22434,284,284,0,122,874
22429,275,275,0,102,918,21866,281,281,0,122,996
21879,271,271,95,102,0,21304,277,277,84,122,20
21242,267,267,0,102,102,20666,273,273,0,122,142
20708,264,264,0,102,204,20120,270,270,0,122,264
20180,260,260,0,102,306,19580,266,266,0,122,386
19660,256,256,0,102,408,19048,263,263,0,122,508
19148,253,253,0,102,510,18522,259,259,0,122,630
18642,249,249,0,102,612,18004,256,256,0,122,752
18144,246,246,0,102,714,17492,252,252,0,122,874
17652,242,242,0,102,816,16988,249,249,0,122,996
17168,239,239,84,102,918,16490,246,246,0,122,20
16606,235,235,0,102,0,15998,242,242,73,122,142
16136,231,231,0,102,102,15441,238,238,0,122,264
15674,227,227,0,102,204,14965,235,235,0,122,386
15220,224,224,0,102,306,14495,231,231,0,122,508
14772,220,220,0,102,408,14033,228,228,0,122,630
14332,217,217,0,102,510,13577,224,224,0,122,752
13898,213,213,0,102,612,13129,221,221,0,122,874
13472,209,209,0,102,714,12687,218,218,0,122,996
13054,206,206,73,102,816,12251,214,214,0,122,20
12569,202,202,0,102,918,11823,210,210,0,122,142
12165,199,199,0,102,0,11403,207,207,63,122,264
11767,194,194,0,102,102,10926,203,203,0,122,386
11379,191,191,0,102,204,10520,200,200,0,122,508
10997,187,187,0,102,306,10120,197,197,0,122,630
10623,183,183,0,102,408,9726,193,193,0,122,752
10257,180,180,0,102,510,9340,190,190,0,122,874
9897,176,176,0,102,612,8960,187,187,0,122,996
9545,172,172,61,102,714,8586,183,183,0,122,20
9140,169,169,0,102,816,8220,179,179,0,122,142
8802,165,165,0,102,918,7862,176,176,0,122,264
8472,161,161,0,102,0,7510,173,173,52,122,386
8150,157,157,0,102,102,7112,169,169,0,122,508
7836,153,153,0,102,204,6774,166,166,0,122,630
7530,149,149,0,102,306,6442,163,163,0,122,752
7232,146,146,0,102,408,6116,160,160,0,122,874
6940,142,142,0,102,510,5796,156,156,0,122,996
6656,138,138,49,102,612,5484,153,153,0,122,20
6331,134,134,0,102,714,5178,149,149,0,122,142
6063,130,130,0,102,816,4880,146,146,0,122,264
5803,126,126,0,102,918,4588,143,143,0,122,386
5551,122,122,0,102,0,4302,140,140,42,122,508
5307,118,118,0,102,102,3980,137,137,0,122,630
5071,113,113,0,102,204,3706,134,134,0,122,752
4845,109,109,0,102,306,3438,131,131,0,122,874
4627,105,105,0,102,408,3176,128,128,0,122,996
4417,101,101,36,102,510,2920,125,125,0,122,20
4179,96,96,0,102,612,2670,121,121,0,122,142
3987,92,92,0,102,714,2428,119,119,0,122,264
3803,87,87,0,102,816,2190,116,116,0,122,386
3629,83,83,0,102,918,1958,113,113,0,122,508
3463,78,78,0,102,0,1732,111,111,34,122,630
3307,72,72,0,102,102,1476,108,108,0,122,752
3163,66,66,0,102,204,1260,106,106,0,122,874
3031,61,61,0,102,306,1048,103,103,0,122,996
2909,54,54,19,102,408,842,101,101,0,122,20
2782,47,47,0,102,510,640,99,99,0,122,142
2688,39,39,0,102,612,442,97,97,0,122,264
2610,30,30,0,102,714,248,96,96,0,122,386
2550,14,14,0,102,816,56,95,95,0,122,508
